function cm_data = mrfcm(m)
cm = [[3.10125e-95	0	4.55678e-50	];
    [1.69766e-11	3.93761e-12	6.71921e-11	];
    [1.75661e-09	8.76398e-10	3.92545e-09	];
    [1.81983e-08	1.21276e-08	3.27466e-08	];
    [8.20497e-08	6.37383e-08	1.3203e-07	];
    [2.43208e-07	2.07688e-07	3.66288e-07	];
    [5.62073e-07	5.11646e-07	8.11434e-07	];
    [1.10359e-06	1.05152e-06	1.54868e-06	];
    [1.93302e-06	1.90549e-06	2.6603e-06	];
    [3.11332e-06	3.14995e-06	4.22688e-06	];
    [4.70353e-06	4.85697e-06	6.32566e-06	];
    [6.75804e-06	7.09281e-06	9.02951e-06	];
    [9.32621e-06	9.91734e-06	1.24065e-05	];
    [1.24524e-05	1.33838e-05	1.65195e-05	];
    [1.61762e-05	1.75389e-05	2.14266e-05	];
    [2.05325e-05	2.24232e-05	2.71808e-05	];
    [2.55521e-05	2.80714e-05	3.38303e-05	];
    [3.12617e-05	3.45131e-05	4.14192e-05	];
    [3.76847e-05	4.17728e-05	4.9987e-05	];
    [4.48411e-05	4.98706e-05	5.95696e-05	];
    [5.27479e-05	5.88227e-05	7.0199e-05	];
    [6.14197e-05	6.86418e-05	8.1904e-05	];
    [7.08686e-05	7.93374e-05	9.47101e-05	];
    [8.11047e-05	9.09159e-05	0.00010864	];
    [9.2136e-05	0.000103382	0.000123714	];
    [0.000103969	0.000116736	0.000139949	];
    [0.000116609	0.000130979	0.000157361	];
    [0.000130059	0.00014611	0.000175963	];
    [0.000144321	0.000162123	0.000195766	];
    [0.000159398	0.000179016	0.000216779	];
    [0.000175289	0.000196781	0.000239011	];
    [0.000191995	0.000215411	0.000262467	];
    [0.000209513	0.000234899	0.000287153	];
    [0.000209344	0.000253218	0.000395767	];
    [0.000224394	0.000273942	0.000442863	];
    [0.000239721	0.000295435	0.000494305	];
    [0.000255297	0.000317683	0.000550358	];
    [0.000271092	0.000340672	0.000611296	];
    [0.000438312	0.000291547	0.000684775	];
    [0.000432526	0.000470536	0.000741691	];
    [0.000471275	0.000510942	0.000817465	];
    [0.000512569	0.00055377	0.000899052	];
    [0.000556509	0.000599093	0.000986726	];
    [0.000603194	0.000646982	0.00108077	];
    [0.000652726	0.000697508	0.00118145	];
    [0.000705206	0.000750738	0.00128905	];
    [0.000760736	0.000806741	0.00140386	];
    [0.000819416	0.000865581	0.00152614	];
    [0.000881349	0.000927323	0.00165618	];
    [0.000946636	0.000992027	0.00179425	];
    [0.00101538	0.00105975	0.00194063	];
    [0.00108767	0.00113056	0.00209557	];
    [0.00116363	0.00120451	0.00225937	];
    [0.00124334	0.00128165	0.00243227	];
    [0.0013269	0.00136203	0.00261453	];
    [0.00141442	0.00144571	0.00280642	];
    [0.00150599	0.00153273	0.00300818	];
    [0.00160172	0.00162313	0.00322006	];
    [0.00170169	0.00171697	0.0034423	];
    [0.001806	0.00181428	0.00367513	];
    [0.00191475	0.0019151	0.00391878	];
    [0.00202803	0.00201948	0.00417347	];
    [0.00214593	0.00212743	0.00443942	];
    [0.00226855	0.00223901	0.00471683	];
    [0.00239597	0.00235423	0.0050059	];
    [0.00252829	0.00247313	0.00530683	];
    [0.00266559	0.00259573	0.00561979	];
    [0.00280796	0.00272206	0.00594498	];
    [0.00295549	0.00285214	0.00628255	];
    [0.00310826	0.00298599	0.00663266	];
    [0.00326634	0.00312363	0.00699547	];
    [0.00342984	0.00326507	0.00737112	];
    [0.00359881	0.00341033	0.00775975	];
    [0.00377335	0.00355941	0.00816149	];
    [0.00395353	0.00371234	0.00857644	];
    [0.00413942	0.00386911	0.00900473	];
    [0.0043311	0.00402974	0.00944645	];
    [0.00452864	0.00419422	0.00990169	];
    [0.00473212	0.00436257	0.0103705	];
    [0.00494159	0.00453477	0.0108531	];
    [0.00515714	0.00471084	0.0113494	];
    [0.00537882	0.00489076	0.0118595	];
    [0.00560671	0.00507454	0.0123835	];
    [0.00584086	0.00526216	0.0129213	];
    [0.00608134	0.00545363	0.0134732	];
    [0.0063282	0.00564892	0.0140389	];
    [0.00658151	0.00584803	0.0146187	];
    [0.00684133	0.00605096	0.0152125	];
    [0.0071077	0.00625767	0.0158203	];
    [0.00738068	0.00646817	0.016442	];
    [0.00766034	0.00668243	0.0170778	];
    [0.0079467	0.00690044	0.0177275	];
    [0.00823983	0.00712217	0.0183912	];
    [0.00853978	0.00734761	0.0190687	];
    [0.00884659	0.00757674	0.0197602	];
    [0.0091603	0.00780954	0.0204654	];
    [0.00948095	0.00804597	0.0211845	];
    [0.0098086	0.00828602	0.0219172	];
    [0.0101433	0.00852967	0.0226637	];
    [0.010485	0.00877688	0.0234237	];
    [0.0108339	0.00902763	0.0241972	];
    [0.0111899	0.00928189	0.0249841	];
    [0.0115531	0.00953963	0.0257844	];
    [0.0119235	0.00980082	0.0265979	];
    [0.0123011	0.0100654	0.0274246	];
    [0.012686	0.0103334	0.0282644	];
    [0.0130782	0.0106048	0.0291171	];
    [0.0134777	0.0108795	0.0299826	];
    [0.0138846	0.0111575	0.0308609	];
    [0.0142989	0.0114387	0.0317518	];
    [0.0147206	0.0117232	0.0326551	];
    [0.0151497	0.0120108	0.0335709	];
    [0.0155862	0.0123016	0.0344989	];
    [0.0160303	0.0125955	0.035439	];
    [0.0164818	0.0128925	0.036391	];
    [0.0169408	0.0131926	0.0373549	];
    [0.0174073	0.0134956	0.0383305	];
    [0.0178814	0.0138017	0.0393177	];
    [0.018363	0.0141106	0.0403162	];
    [0.0188522	0.0144224	0.041326	];
    [0.0193489	0.0147371	0.0423469	];
    [0.0198532	0.0150546	0.0433788	];
    [0.0203652	0.0153749	0.0444215	];
    [0.0208847	0.0156979	0.0454748	];
    [0.0214118	0.0160237	0.0465386	];
    [0.0219465	0.016352	0.0476127	];
    [0.0224889	0.016683	0.0486971	];
    [0.0230389	0.0170166	0.0497914	];
    [0.0235965	0.0173527	0.0508955	];
    [0.0241617	0.0176913	0.0520094	];
    [0.0247345	0.0180323	0.0531327	];
    [0.025315	0.0183758	0.0542654	];
    [0.0259031	0.0187216	0.0554073	];
    [0.0264988	0.0190698	0.0565582	];
    [0.0271021	0.0194202	0.0577179	];
    [0.0277131	0.0197729	0.0588864	];
    [0.0283316	0.0201278	0.0600633	];
    [0.0289578	0.0204849	0.0612486	];
    [0.0295915	0.0208441	0.0624421	];
    [0.0302329	0.0212054	0.0636435	];
    [0.0308818	0.0215688	0.0648528	];
    [0.0315382	0.0219341	0.0660698	];
    [0.0322023	0.0223014	0.0672943	];
    [0.0328738	0.0226707	0.0685261	];
    [0.0335529	0.0230418	0.0697651	];
    [0.0342396	0.0234148	0.0710111	];
    [0.0349337	0.0237896	0.0722639	];
    [0.0356353	0.0241661	0.0735234	];
    [0.0363444	0.0245444	0.0747894	];
    [0.037061	0.0249244	0.0760618	];
    [0.037785	0.025306	0.0773403	];
    [0.0385164	0.0256892	0.0786248	];
    [0.0392553	0.026074	0.0799152	];
    [0.0400015	0.0264603	0.0812113	];
    [0.0407551	0.0268482	0.0825129	];
    [0.0415161	0.0272374	0.0838199	];
    [0.0422843	0.0276281	0.0851321	];
    [0.0430599	0.0280202	0.0864493	];
    [0.0438428	0.0284136	0.0877714	];
    [0.0446329	0.0288083	0.0890983	];
    [0.0454303	0.0292043	0.0904298	];
    [0.0462349	0.0296015	0.0917657	];
    [0.0470466	0.0299998	0.0931059	];
    [0.0478656	0.0303994	0.0944503	];
    [0.0486916	0.0308001	0.0957986	];
    [0.0495248	0.0312018	0.0971508	];
    [0.0503651	0.0316046	0.0985066	];
    [0.0512124	0.0320084	0.0998661	];
    [0.0520667	0.0324132	0.101229	];
    [0.0529281	0.032819	0.102595	];
    [0.0537964	0.0332256	0.103964	];
    [0.0546716	0.0336331	0.105336	];
    [0.0555538	0.0340415	0.106711	];
    [0.0564428	0.0344506	0.108089	];
    [0.0573387	0.0348606	0.10947	];
    [0.0582414	0.0352712	0.110852	];
    [0.0591509	0.0356826	0.112237	];
    [0.0600671	0.0360947	0.113625	];
    [0.0609901	0.0365074	0.115014	];
    [0.0619197	0.0369207	0.116405	];
    [0.062856	0.0373346	0.117798	];
    [0.0637989	0.037749	0.119193	];
    [0.0647484	0.0381639	0.120589	];
    [0.0657045	0.0385794	0.121987	];
    [0.066667	0.0389953	0.123386	];
    [0.067636	0.0394116	0.124786	];
    [0.0686115	0.0398283	0.126188	];
    [0.0695933	0.0402453	0.12759	];
    [0.0705816	0.0406628	0.128993	];
    [0.0715761	0.0410805	0.130397	];
    [0.072577	0.0414985	0.131801	];
    [0.073584	0.0419167	0.133206	];
    [0.0745973	0.0423352	0.134612	];
    [0.0756168	0.0427538	0.136017	];
    [0.0766424	0.0431727	0.137423	];
    [0.0776741	0.0435916	0.138829	];
    [0.0787119	0.0440107	0.140235	];
    [0.0797557	0.0444299	0.141641	];
    [0.0808054	0.0448491	0.143047	];
    [0.0818611	0.0452683	0.144452	];
